23,52
23,51
23,50
23,49
23,48
23,47
23,46
23,45
23,44
23,43
23,42
23,41
23,40
23,39
23,38
23,37
23,36
23,35
11,19
11,17
11,16
11,15
11,14
11,13
11,11
11,9
11,8
11,7
11,6
11,5
8,8
8,12
8,10
8,7
8,6
8,4
9,5
4,39
4,40
7,10
7,12
17,2
17,1
17,3
15,2
15,1
15,3
16,2
16,1
16,3
13,2
14,2
4,25
4,24
4,4
4,26
4,27
4,34
4,65
4,32
4,31
4,14
4,1
4,75
4,2
4,3
6,5
6,6
6,1
6,4
6,2
6,3
7,7
7,8
7,4
7,13
7,9
7,11
7,1
7,6
7,2
7,3
5,4
5,2
5,1
5,3
3,2
10,110
10,64
10,90
10,128
10,2
10,3
11,10
11,12
11,18
11,4
11,2
11,3
9,4
9,6
9,2
9,3
8,5
8,11
8,9
8,2
8,3
12,2
12,1
12,3
20,2
20,1
20,3
19,2
19,1
19,3
11,29
11,28
11,27
11,26
11,25
11,24
11,23
11,22
11,21
11,1
11,20
10,313
10,312
